                         DATA                     CONST                    STRING                   TEXT                     HEAP                     MAP                      SHMEM                    STACK                    LIB                      
DATA                     [0, 0, 0, 0]             [0, 0, 0, 0]             [0, 0, 0, 0]             [0, 0, 0, 0]             [104, 0, 0, 104]         [0, 0, 0, 0]             [0, 0, 0, 0]             [0, 0, 0, 0]             [0, 0, 0, 0]             
CONST                    [0, 0, 0, 0]             [0, 0, 0, 0]             [0, 0, 0, 0]             [0, 0, 0, 0]             [37, 0, 0, 37]           [0, 0, 0, 0]             [0, 0, 0, 0]             [0, 0, 0, 0]             [0, 0, 0, 0]             
STRING                   [0, 0, 0, 0]             [0, 0, 0, 0]             [0, 0, 0, 0]             [0, 0, 0, 0]             [159, 0, 0, 159]         [0, 0, 0, 0]             [0, 0, 0, 0]             [0, 0, 0, 0]             [0, 0, 0, 0]             
TEXT                     [0, 0, 0, 0]             [0, 0, 0, 0]             [0, 0, 0, 0]             [0, 0, 0, 0]             [0, 0, 0, 0]             [0, 0, 0, 0]             [0, 0, 0, 0]             [0, 0, 0, 0]             [0, 0, 0, 0]             
HEAP                     [1, 0, 1, 0]             [0, 0, 0, 0]             [0, 0, 0, 0]             [0, 0, 0, 0]             [346, 0, 0, 346]         [0, 0, 0, 0]             [0, 0, 0, 0]             [0, 0, 0, 0]             [0, 0, 0, 0]             
MAP                      [0, 0, 0, 0]             [0, 0, 0, 0]             [0, 0, 0, 0]             [0, 0, 0, 0]             [0, 0, 0, 0]             [0, 0, 0, 0]             [0, 0, 0, 0]             [0, 0, 0, 0]             [0, 0, 0, 0]             
SHMEM                    [0, 0, 0, 0]             [0, 0, 0, 0]             [0, 0, 0, 0]             [0, 0, 0, 0]             [0, 0, 0, 0]             [0, 0, 0, 0]             [0, 0, 0, 0]             [0, 0, 0, 0]             [0, 0, 0, 0]             
STACK                    [4, 0, 4, 0]             [0, 0, 0, 0]             [0, 0, 0, 0]             [0, 0, 0, 0]             [0, 0, 0, 0]             [0, 0, 0, 0]             [0, 0, 0, 0]             [0, 0, 0, 0]             [0, 0, 0, 0]             
LIB                      [0, 0, 0, 0]             [0, 0, 0, 0]             [0, 0, 0, 0]             [0, 0, 0, 0]             [0, 0, 0, 0]             [0, 0, 0, 0]             [0, 0, 0, 0]             [0, 0, 0, 0]             [0, 0, 0, 0]             

# Pointer Stats: (Total, Union, Integer, Void Array)
# Rows: Target Objects
# Columns: Source Objects


Total # of target objects: 306
Total # of pointers: 651
# of data (.data, heap, map, etc.) objects: 277
# of pointers to data objects: 614
# of function objects: 29
# of pointers to function objects: 37


TOTAL_PTR      STATIC_SRC     STATIC_TRG     DYN_SRC        DYN_TRG        LIB_TRG        
651 &          5 &            300 &          646 &          351 &          0               \\
