                         DATA                     CONST                    STRING                   TEXT                     HEAP                     MAP                      SHMEM                    STACK                    LIB                      
DATA                     [0, 0, 0, 0]             [0, 0, 0, 0]             [0, 0, 0, 0]             [0, 0, 0, 0]             [107, 0, 0, 107]         [0, 0, 0, 0]             [0, 0, 0, 0]             [0, 0, 0, 0]             [0, 0, 0, 0]             
CONST                    [0, 0, 0, 0]             [180, 180, 0, 0]         [0, 0, 0, 0]             [0, 0, 0, 0]             [937, 0, 0, 937]         [0, 0, 0, 0]             [0, 0, 0, 0]             [0, 0, 0, 0]             [0, 0, 0, 0]             
STRING                   [0, 0, 0, 0]             [0, 0, 0, 0]             [0, 0, 0, 0]             [0, 0, 0, 0]             [370, 0, 0, 370]         [0, 0, 0, 0]             [0, 0, 0, 0]             [0, 0, 0, 0]             [0, 0, 0, 0]             
TEXT                     [0, 0, 0, 0]             [0, 0, 0, 0]             [0, 0, 0, 0]             [0, 0, 0, 0]             [0, 0, 0, 0]             [0, 0, 0, 0]             [0, 0, 0, 0]             [0, 0, 0, 0]             [0, 0, 0, 0]             
HEAP                     [0, 0, 0, 0]             [0, 0, 0, 0]             [0, 0, 0, 0]             [0, 0, 0, 0]             [10888, 0, 1, 10887]     [0, 0, 0, 0]             [0, 0, 0, 0]             [0, 0, 0, 0]             [0, 0, 0, 0]             
MAP                      [0, 0, 0, 0]             [0, 0, 0, 0]             [0, 0, 0, 0]             [0, 0, 0, 0]             [0, 0, 0, 0]             [0, 0, 0, 0]             [0, 0, 0, 0]             [0, 0, 0, 0]             [0, 0, 0, 0]             
SHMEM                    [0, 0, 0, 0]             [0, 0, 0, 0]             [0, 0, 0, 0]             [0, 0, 0, 0]             [11, 0, 0, 11]           [0, 0, 0, 0]             [0, 0, 0, 0]             [0, 0, 0, 0]             [0, 0, 0, 0]             
STACK                    [3, 0, 0, 0]             [0, 0, 0, 0]             [0, 0, 0, 0]             [0, 0, 0, 0]             [8, 0, 0, 8]             [0, 0, 0, 0]             [0, 0, 0, 0]             [0, 0, 0, 0]             [0, 0, 0, 0]             
LIB                      [0, 0, 0, 0]             [1, 0, 1, 0]             [0, 0, 0, 0]             [0, 0, 0, 0]             [3, 0, 0, 3]             [0, 0, 0, 0]             [0, 0, 0, 0]             [0, 0, 0, 0]             [0, 0, 0, 0]             

# Pointer Stats: (Total, Union, Integer, Void Array)
# Rows: Target Objects
# Columns: Source Objects


Total # of target objects: 746
Total # of pointers: 12508
# of data (.data, heap, map, etc.) objects: 391
# of pointers to data objects: 11678
# of function objects: 355
# of pointers to function objects: 830


TOTAL_PTR      STATIC_SRC     STATIC_TRG     DYN_SRC        DYN_TRG        LIB_TRG        
12508 &        184 &          1594 &         12324 &        10910 &        4               \\
