                         DATA                     CONST                    STRING                   TEXT                     HEAP                     MAP                      SHMEM                    STACK                    LIB                      
DATA                     [0, 0, 0, 0]             [0, 0, 0, 0]             [0, 0, 0, 0]             [0, 0, 0, 0]             [137, 0, 93, 44]         [0, 0, 0, 0]             [0, 0, 0, 0]             [0, 0, 0, 0]             [0, 0, 0, 0]             
CONST                    [0, 0, 0, 0]             [0, 0, 0, 0]             [0, 0, 0, 0]             [0, 0, 0, 0]             [146, 0, 23, 123]        [0, 0, 0, 0]             [0, 0, 0, 0]             [0, 0, 0, 0]             [0, 0, 0, 0]             
STRING                   [0, 0, 0, 0]             [0, 0, 0, 0]             [0, 0, 0, 0]             [0, 0, 0, 0]             [159, 0, 11, 148]        [0, 0, 0, 0]             [0, 0, 0, 0]             [0, 0, 0, 0]             [0, 0, 0, 0]             
TEXT                     [0, 0, 0, 0]             [0, 0, 0, 0]             [0, 0, 0, 0]             [0, 0, 0, 0]             [0, 0, 0, 0]             [0, 0, 0, 0]             [0, 0, 0, 0]             [0, 0, 0, 0]             [0, 0, 0, 0]             
HEAP                     [1, 0, 1, 0]             [0, 0, 0, 0]             [0, 0, 0, 0]             [0, 0, 0, 0]             [1321, 1, 470, 850]      [0, 0, 0, 0]             [0, 0, 0, 0]             [0, 0, 0, 0]             [0, 0, 0, 0]             
MAP                      [0, 0, 0, 0]             [0, 0, 0, 0]             [0, 0, 0, 0]             [0, 0, 0, 0]             [0, 0, 0, 0]             [0, 0, 0, 0]             [0, 0, 0, 0]             [0, 0, 0, 0]             [0, 0, 0, 0]             
SHMEM                    [0, 0, 0, 0]             [0, 0, 0, 0]             [0, 0, 0, 0]             [0, 0, 0, 0]             [0, 0, 0, 0]             [0, 0, 0, 0]             [0, 0, 0, 0]             [0, 0, 0, 0]             [0, 0, 0, 0]             
STACK                    [4, 0, 4, 0]             [0, 0, 0, 0]             [0, 0, 0, 0]             [0, 0, 0, 0]             [0, 0, 0, 0]             [0, 0, 0, 0]             [0, 0, 0, 0]             [0, 0, 0, 0]             [0, 0, 0, 0]             
LIB                      [0, 0, 0, 0]             [0, 0, 0, 0]             [0, 0, 0, 0]             [0, 0, 0, 0]             [3, 0, 0, 3]             [0, 0, 0, 0]             [0, 0, 0, 0]             [0, 0, 0, 0]             [0, 0, 0, 0]             

# Pointer Stats: (Total, Union, Integer, Void Array)
# Rows: Target Objects
# Columns: Source Objects


Total # of target objects: 220
Total # of pointers: 1771
# of data (.data, heap, map, etc.) objects: 174
# of pointers to data objects: 1625
# of function objects: 46
# of pointers to function objects: 146


TOTAL_PTR      STATIC_SRC     STATIC_TRG     DYN_SRC        DYN_TRG        LIB_TRG        
1771 &         5 &            442 &          1766 &         1326 &         3               \\
