                         DATA                     CONST                    STRING                   TEXT                     HEAP                     MAP                      SHMEM                    STACK                    LIB                      
DATA                     [0, 0, 0, 0]             [0, 0, 0, 0]             [0, 0, 0, 0]             [0, 0, 0, 0]             [103, 7, 74, 22]         [0, 0, 0, 0]             [0, 0, 0, 0]             [0, 0, 0, 0]             [0, 0, 0, 0]             
CONST                    [0, 0, 0, 0]             [180, 180, 0, 0]         [0, 0, 0, 0]             [0, 0, 0, 0]             [793, 12, 486, 295]      [0, 0, 0, 0]             [0, 0, 0, 0]             [0, 0, 0, 0]             [0, 0, 0, 0]             
STRING                   [0, 0, 0, 0]             [0, 0, 0, 0]             [0, 0, 0, 0]             [0, 0, 0, 0]             [530, 0, 496, 34]        [0, 0, 0, 0]             [0, 0, 0, 0]             [0, 0, 0, 0]             [0, 0, 0, 0]             
TEXT                     [0, 0, 0, 0]             [0, 0, 0, 0]             [0, 0, 0, 0]             [0, 0, 0, 0]             [0, 0, 0, 0]             [0, 0, 0, 0]             [0, 0, 0, 0]             [0, 0, 0, 0]             [0, 0, 0, 0]             
HEAP                     [0, 0, 0, 0]             [1, 0, 1, 0]             [0, 0, 0, 0]             [0, 0, 0, 0]             [19179, 265, 2170, 16744][0, 0, 0, 0]             [0, 0, 0, 0]             [0, 0, 0, 0]             [0, 0, 0, 0]             
MAP                      [0, 0, 0, 0]             [0, 0, 0, 0]             [0, 0, 0, 0]             [0, 0, 0, 0]             [0, 0, 0, 0]             [0, 0, 0, 0]             [0, 0, 0, 0]             [0, 0, 0, 0]             [0, 0, 0, 0]             
SHMEM                    [0, 0, 0, 0]             [0, 0, 0, 0]             [0, 0, 0, 0]             [0, 0, 0, 0]             [8, 0, 0, 8]             [0, 0, 0, 0]             [0, 0, 0, 0]             [0, 0, 0, 0]             [0, 0, 0, 0]             
STACK                    [3, 0, 0, 0]             [0, 0, 0, 0]             [0, 0, 0, 0]             [0, 0, 0, 0]             [2, 0, 2, 0]             [0, 0, 0, 0]             [0, 0, 0, 0]             [0, 0, 0, 0]             [0, 0, 0, 0]             
LIB                      [0, 0, 0, 0]             [1, 0, 1, 0]             [0, 0, 0, 0]             [0, 0, 0, 0]             [427, 0, 220, 207]       [0, 0, 0, 0]             [0, 0, 0, 0]             [0, 0, 0, 0]             [0, 0, 0, 0]             

# Pointer Stats: (Total, Union, Integer, Void Array)
# Rows: Target Objects
# Columns: Source Objects


Total # of target objects: 2858
Total # of pointers: 21227
# of data (.data, heap, map, etc.) objects: 2551
# of pointers to data objects: 20429
# of function objects: 307
# of pointers to function objects: 798


TOTAL_PTR      STATIC_SRC     STATIC_TRG     DYN_SRC        DYN_TRG        LIB_TRG        
21227 &        185 &          1606 &         21042 &        19193 &        428             \\
