                         DATA                     CONST                    STRING                   TEXT                     HEAP                     MAP                      SHMEM                    STACK                    LIB                      
DATA                     [0, 0, 0, 0]             [0, 0, 0, 0]             [0, 0, 0, 0]             [0, 0, 0, 0]             [63, 0, 63, 0]           [0, 0, 0, 0]             [0, 0, 0, 0]             [0, 0, 0, 0]             [0, 0, 0, 0]             
CONST                    [0, 0, 0, 0]             [180, 180, 0, 0]         [0, 0, 0, 0]             [0, 0, 0, 0]             [475, 12, 463, 0]        [0, 0, 0, 0]             [0, 0, 0, 0]             [0, 0, 0, 0]             [0, 0, 0, 0]             
STRING                   [0, 0, 0, 0]             [0, 0, 0, 0]             [0, 0, 0, 0]             [0, 0, 0, 0]             [492, 0, 492, 0]         [0, 0, 0, 0]             [0, 0, 0, 0]             [0, 0, 0, 0]             [0, 0, 0, 0]             
TEXT                     [0, 0, 0, 0]             [0, 0, 0, 0]             [0, 0, 0, 0]             [0, 0, 0, 0]             [0, 0, 0, 0]             [0, 0, 0, 0]             [0, 0, 0, 0]             [0, 0, 0, 0]             [0, 0, 0, 0]             
HEAP                     [0, 0, 0, 0]             [0, 0, 0, 0]             [0, 0, 0, 0]             [0, 0, 0, 0]             [1883, 2, 140, 1741]     [0, 0, 0, 0]             [0, 0, 0, 0]             [0, 0, 0, 0]             [0, 0, 0, 0]             
MAP                      [0, 0, 0, 0]             [0, 0, 0, 0]             [0, 0, 0, 0]             [0, 0, 0, 0]             [0, 0, 0, 0]             [0, 0, 0, 0]             [0, 0, 0, 0]             [0, 0, 0, 0]             [0, 0, 0, 0]             
SHMEM                    [0, 0, 0, 0]             [0, 0, 0, 0]             [0, 0, 0, 0]             [0, 0, 0, 0]             [8, 0, 0, 8]             [0, 0, 0, 0]             [0, 0, 0, 0]             [0, 0, 0, 0]             [0, 0, 0, 0]             
STACK                    [3, 0, 0, 0]             [0, 0, 0, 0]             [0, 0, 0, 0]             [0, 0, 0, 0]             [2, 0, 2, 0]             [0, 0, 0, 0]             [0, 0, 0, 0]             [0, 0, 0, 0]             [0, 0, 0, 0]             
LIB                      [0, 0, 0, 0]             [1, 0, 1, 0]             [0, 0, 0, 0]             [0, 0, 0, 0]             [0, 0, 0, 0]             [0, 0, 0, 0]             [0, 0, 0, 0]             [0, 0, 0, 0]             [0, 0, 0, 0]             

# Pointer Stats: (Total, Union, Integer, Void Array)
# Rows: Target Objects
# Columns: Source Objects


Total # of target objects: 1440
Total # of pointers: 3107
# of data (.data, heap, map, etc.) objects: 1164
# of pointers to data objects: 2457
# of function objects: 276
# of pointers to function objects: 650


TOTAL_PTR      STATIC_SRC     STATIC_TRG     DYN_SRC        DYN_TRG        LIB_TRG        
3107 &         184 &          1210 &         2923 &         1896 &         1               \\
